miansen/Roothub,389,33,236.9419665336609
huanglu20124/invoice,73,12,391.9354040622711
Lab41/Dendrite,101,17,330.94973587989807
pibigstar/parsevip,90,17,351.2459316253662
OCR4all/OCR4all,47,18,354.15326261520386
moocss/EasyCMS,64,12,345.0638701915741
Vino007/javaEEScaffold,45,21,221.28741002082825
GdeiAssistant/GdeiAssistant,455,84,657.966808795929
purang-fintech/seppb,430,45,528.4541020393372
muralibasani/kafkawize,99,27,410.04300355911255
qianqianjun/Educational-management,100,20,355.7403154373169
wsk1103/movie-boot,217,23,372.49335956573486
JoeyBling/bootplus,150,13,254.30316376686096
forTribeforXuanmo/sword-forum,79,12,307.3064498901367
justinscript/travel.b2b,515,36,712.1615295410156
superman544/JavaOJSystem,192,20,361.8744797706604
514840279/danyuan-application,277,51,576.2246007919312
iminto/baicai,84,12,318.4473886489868
krishagni/openspecimen,1244,70,2845.1953060626984
justinscript/shopping.plat,298,14,556.480553150177
cym1102/nginxWebUI,82,18,389.77864170074463
Jannchie/biliob_backend,200,22,352.22715759277344
INCF/eeg-database,1007,84,1659.9847326278687
Lotharing/SDIMS,112,20,433.19457817077637
kanban/kanban-app,140,12,557.989933013916
Frodez/BlogManagePlatform,317,15,400.016065120697
finallysmile3/ExamSystem,108,17,598.6805083751678
cloudfoundry-attic/login-server,133,23,379.61443638801575
atlasapi/atlas,1797,69,1946.511545419693
metasfresh/metasfresh-webui-api-legacy,1081,53,2192.2679722309113
tangdu/smh2,111,25,245.8695945739746
qiao-zhi/jwxt,595,76,2323.021544456482
jiangzongyao/kettle-master,70,13,324.2921779155731
jdmr/mateo,704,149,1397.0751376152039
shuxianfeng/movision,886,80,951.2560882568359
leluque/university-site-cms,254,23,317.30603289604187
zhangdaiscott/jeecg-nomaven,596,99,1463.3616197109222
ghostxbh/uzy-ssm-mall,89,19,401.9667274951935
OpenGeoportal/OGP2,330,24,457.5054211616516
litblank/hammer,226,24,332.1626179218292
choerodon/agile-service-old,914,98,1374.992350101471
kai8406/cmop,237,34,640.8580250740051
gliderwiki/glider,329,32,499.36305689811707
hslooooooool/form_flow,467,49,610.8800466060638
mozammel/mNet,148,21,292.62924218177795
easy-ware/api-manager,181,90,265.15405535697937
lvr1997/ershoujiaoyi,78,11,321.43808674812317
Ryan--Yang/CBoard-boot,228,15,366.8260407447815
GZzzhsmart/P2Pproj,275,42,389.73270988464355
HIIT/dime-server,91,12,234.66810250282288
doooyo/Weixin_Server,303,32,413.1591212749481
justinbaby/my-paper,463,100,659.9180805683136
edgexfoundry/core-data,38,15,178.94608545303345
mofadeyunduo/online-judge,43,16,166.85686945915222
MiniPa/cjs_ssms,98,13,262.2901916503906
AURIN/online-whatif,429,22,822.2016143798828
fishstormX/fishmaple,173,21,246.0246558189392
opendevstack/ods-provisioning-app,146,11,297.46504735946655
parasoft/parabank,260,71,302.37424898147583
MaritimeConnectivityPlatform/IdentityRegistry,124,24,262.94539189338684
zhangyanbo2007/youkefu,830,99,2135.8485038280487
BCSquad/pmph,953,87,1832.5643045902252
starqiu/RDMP1,60,30,202.3268542289734
Propro-Studio/propro-server,310,21,499.68472695350647
yunchaoyun/active4j-flow,219,47,437.9568901062012
BCSquad/pmph_java_front,369,55,732.4452979564667
yorkmass/Yark-AdminMS,69,12,251.66311192512512
vector1989/EMAS,265,26,1120.082729101181
768330962/poet_ready_system,57,14,308.6838583946228
EUSurvey/EUSURVEY,294,46,1388.5013766288757
suyeq/steamMall,120,13,265.54886269569397
zlren/noah-health,86,12,330.29312109947205
Prasad108/TutesMessanger,109,20,261.15714478492737
busing/circle_web,268,19,503.6832206249237
UDA-EJIE/udaLib,320,13,439.3986234664917
bbaibb1009/wxcrm,95,15,624.8201138973236
khasang/delivery,218,11,231.68465375900269
TexnologiaLogismikou/Fiz,199,18,292.05974864959717
uq-eresearch/oztrack,213,57,468.5997700691223
wang007/live-server,238,23,383.5476014614105
zxwgdft/paladin-boot,328,17,391.58514499664307
shenshaoming/byte_easy,55,12,243.3408398628235
nimble-platform/business-process-service,222,47,482.89330101013184
codemky/uni,615,89,2377.470462322235
ushahidi/SwiftRiver-API,249,21,456.1092550754547
softservedata/lv257,171,18,273.9037570953369
joubin/CSC191,32,15,198.2393741607666
aramsoft/aramcomp,345,72,642.7567722797394
bao17634/Warehouse-system,76,13,388.29362988471985
shigenwang/membership,153,18,453.6224875450134
SafeExamBrowser/seb-server,680,46,1035.3985667228699
Seenck/jeecg-bpm-3.8,810,128,1644.4653227329254
simbest/simbest-cores,401,28,776.995108127594
GraffiTab/GraffiTab-Backend,188,11,343.64047169685364
surajcm/Poseidon,122,31,528.4874651432037
loongw513029/buscloud,347,40,600.6578288078308
tcrct/duang,377,12,499.1873667240143
ZFGCCP/ZFGC3,471,26,2045.212702035904
WilsonHu/sinsim,243,42,608.488587141037
crypto-coder/open-cyclos,2514,1271,3975.6551332473755
sfx478076717/goldenarches,56,11,292.2967836856842
zndo/oss-admin-parent,106,32,198.7001597881317
dp2-g56/Dp2-L02,245,40,475.34979128837585
cable5881/Fund,201,17,933.557874917984
wangwang1230/te-empl,156,24,352.8590815067291
ElectiveTeam/elective_system,97,15,379.7377882003784
Rocklee830630/WMSystem,816,204,2186.7224748134613
75193982/HyLMS,535,141,1279.1445031166077
sunxingtm/FPMS,721,91,1844.4237124919891
next-step/jwp-jdbc,117,16,246.52113962173462
KongZouXiang/TradeSteward,232,40,397.5434949398041
Glamdring/welshare,241,33,693.1633236408234
skyisbule/nanfeng,71,13,391.6528787612915
OHDSI/ArachneCentralAPI,832,64,981.7022778987885
mingslife/LightCMS,103,17,453.3880093097687
linolee/class4,187,24,382.7483229637146
yaowuya/lprapm,105,26,262.9028913974762
yShen868/ssm03,94,14,345.5075840950012
dagilmore/Riddlin,51,12,235.83539628982544
dovier/coj-web,453,62,977.9958758354187
chenzhq/WsMonitor,246,16,564.1034650802612
parkkyoung/f4mall,59,15,332.5460453033447
zhouweiwei18/HospitalSystem,210,29,1032.9965388774872
uq-eresearch/lorestore,85,11,313.60965728759766
momoplan/dataanalysis,195,20,387.72624468803406
isa-group/ideas-studio,115,20,375.82462453842163
smartcommunitylab/smartcampus.vas.corsi.web,65,13,441.42383575439453
xiongzhenhai-zh/produce-project-managerment,113,14,246.0227165222168
flamefire33/uckefu,609,75,1214.5006012916565
XMFBee/AuthPlatform1,281,63,615.1891033649445
scrumtracker/scrumtracker2017,44,13,212.76092720031738
kingslayer15/mutual,170,23,342.14347195625305
AtlasOfLivingAustralia/biocache-service,151,23,554.85236120224
yunchaoyun/active4j-oa,436,78,618.6760215759277
racem-cherni/KinderGartenProject,209,57,485.55867290496826
peonycmsTeam/peonytancms,280,29,675.9094438552856
danbaixidanbai/OCproject,77,15,324.3743996620178
wh4585hai/OnlineSchool,259,26,427.8794412612915
c2s/telegram-bot-admin,138,19,324.3611903190613
thinksgroup/Niceschool,165,26,359.19780707359314
CrazyZhao/zblog,63,13,301.244437456131
tlkzzz/xpjfx,478,120,814.680912733078
nds1993/OpenMPS,922,141,1788.3089966773987
shangtech/WeiXinPlatform,88,38,517.7636852264404
jlu-linshuhang/goods-master,87,12,639.5011172294617
tanzhb/zhgj-project,508,75,4980.166887760162
moxiaohei/OPMS,130,33,432.57338070869446
holagoldfish/H5APP-java,39,15,240.68862748146057
okfarm09/JYLAND,68,15,421.5690875053406
kimki1124/MetelSOS,61,11,413.45001792907715
cdcchain/cdc-browser,58,15,455.1170434951782
orgqy88cckz/AccumulationFund,134,28,253.9257197380066
forwardNow/javaee_pkui,253,35,1430.7961308956146
LiJiuRi/jie_you_ba,102,18,385.69244599342346
RMHM/miniMap,83,12,494.0077121257782
tom1994/CEM,404,48,1772.374549150467
choerodon/agile-service,815,81,1211.4683527946472
nieyue/ActivationCodeMall,307,41,493.05229902267456
kdirector1990/WeRPNetwork,116,17,319.7663264274597
longyzkd/wj-web-ext-enhancer,154,64,320.44553804397583
VecJunZhi/NewZSWBEM,475,61,892.2134230136871
598605338/yikao,607,37,944.473696231842
nullcodeexecutor/pts,174,27,472.78864550590515
kinorsi/mykided-api,710,34,1060.3413090705872
YouAreOnlyOne/CommunityInformationForWeb,163,23,272.5342426300049
CeaMYHBK/AppCeaM,35,12,190.27872562408447
gvSIGAssociation/gvsig-web,127,51,260.925790309906
dr-thomashartmann/phd-thesis,36,13,301.39538049697876
GreaterLondonAuthority/GLA-OPS,625,11,1447.903344154358
qiemengyan/videoconfigserver,214,27,433.2673647403717
immime/shop-2,292,59,541.6638760566711
hongqiang/shopb2b,465,91,480.97502756118774
AaronSum/hotel-mgr-sys,498,31,2634.293432235718
superman7/AccountManagement,67,15,341.45141339302063
amit-an/webapp_war_sample,334,105,444.9227180480957
SupermePower/zammc-manage,119,18,245.7605471611023
dtdhehe/ptu-life,66,12,300.1092495918274
lancelee98/PeopleMange,182,22,246.64878058433533
YXG520/onlineExamSystem,41,14,191.7965738773346
jeezhau/ec-server,149,20,439.158545255661
HuangBear/TheaterProject,155,17,412.74937176704407
litbo/hospitalzj,185,26,232.84508967399597
fawks96/pet-hospital,74,11,486.30416440963745
heaptrip/heaptrip,483,11,533.3169481754303
398907877/AppPortal,470,77,627.2099485397339
xabaohui/zis,553,135,889.16801404953
RoyZeng/gmhx,402,60,1311.7429344654083
eea/eionet.webq,196,21,295.02920508384705
liudexiang3218/CMSLite,221,13,507.0578525066376
Russel-JX/OUC-Family,276,23,464.7796218395233
Maxcj/Maxcj,177,23,251.38322520256042
qwe7783131/CareerDevelopment,193,37,280.1663875579834
assertmyself/gweb-v2,365,33,562.6499428749084
Lewage59/design2019,33,12,173.73985171318054
Ganweizhi/Ruanzhuo2,142,23,250.55329942703247
VN-Lf/GitNo3,126,25,347.54113936424255
ssolutiondev/ssolution,164,19,306.0622806549072
findmyapp/findmyapp,139,13,252.1398148536682
Jeanwin/disrec,333,53,562.6354515552521
zhaowei520/CDCXH,236,33,505.0314197540283
hyperaeon/CrazyAndOptimize,1390,26,677.1187491416931
HUTchengxi/Tutor,169,17,304.8685796260834
