name,classes,controllers,time
miansen/Roothub,389,33,28.869748830795288
huanglu20124/invoice,73,12,16.39861750602722
Lab41/Dendrite,101,17,18.608413696289062
pibigstar/parsevip,90,17,13.724246978759766
OCR4all/OCR4all,47,18,16.749520778656006
moocss/EasyCMS,64,12,14.417325735092163
icodebetter/icodebetter,183,16,126.3970422744751
Vino007/javaEEScaffold,45,21,13.121020317077637
GdeiAssistant/GdeiAssistant,455,84,36.22604465484619
purang-fintech/seppb,430,45,32.58987021446228
muralibasani/kafkawize,99,27,18.927396774291992
qianqianjun/Educational-management,100,20,15.865589141845703
wsk1103/movie-boot,217,23,24.410512924194336
JoeyBling/bootplus,150,13,18.562567949295044
forTribeforXuanmo/sword-forum,79,12,15.00619912147522
candyadmin/likejd,800,123,74.5705497264862
justinscript/travel.b2b,515,36,45.84234547615051
JoeyBling/hqc_mp,309,49,27.655526161193848
superman544/JavaOJSystem,192,20,22.59413433074951
ErnestMing/pss2,168,27,18.363982677459717
514840279/danyuan-application,277,51,37.84551978111267
Nikati/WebStack-Guns-NKT,152,17,17.179391384124756
iminto/baicai,84,12,15.19273042678833
krishagni/openspecimen,1244,70,123.67595267295837
justinscript/shopping.plat,298,14,29.449933528900146
cym1102/nginxWebUI,82,18,16.85187339782715
Jannchie/biliob_backend,200,22,23.69447374343872
INCF/eeg-database,1007,84,81.85165786743164
Lotharing/SDIMS,112,20,15.783096313476562
kanban/kanban-app,140,12,20.278791904449463
Frodez/BlogManagePlatform,317,15,22.5149085521698
finallysmile3/ExamSystem,108,17,41.165037870407104
cloudfoundry-attic/login-server,133,23,18.667516946792603
atlasapi/atlas,1797,69,106.2375009059906
metasfresh/metasfresh-webui-api-legacy,1081,53,107.92489957809448
nysenate/GeoApi,407,20,40.33696889877319
tangdu/smh2,111,25,17.70350170135498
qiao-zhi/jwxt,595,76,179.54924321174622
jiangzongyao/kettle-master,70,13,15.628109455108643
jdmr/mateo,704,149,88.4551944732666
shuxianfeng/movision,886,80,95.62204384803772
leluque/university-site-cms,254,23,20.63136315345764
zhangdaiscott/jeecg-nomaven,596,99,88.35225558280945
ghostxbh/uzy-ssm-mall,89,19,19.544636011123657
OpenGeoportal/OGP2,330,24,29.384325981140137
litblank/hammer,226,24,21.85399866104126
datasphere-oss/datasphere-service,1371,67,57.07778072357178
choerodon/agile-service-old,914,98,82.75087213516235
kai8406/cmop,237,34,42.37695288658142
gliderwiki/glider,329,32,32.79785895347595
hslooooooool/form_flow,467,49,42.14620852470398
mozammel/mNet,148,21,20.661495685577393
easy-ware/api-manager,181,90,19.046783685684204
15005935651/Guns-Medical,178,19,17.057415008544922
lvr1997/ershoujiaoyi,78,11,15.572099447250366
ErnestMing/pss1,176,29,18.416853666305542
Ryan--Yang/CBoard-boot,228,15,23.74457097053528
GZzzhsmart/P2Pproj,275,42,23.747747659683228
HIIT/dime-server,91,12,16.719200372695923
doooyo/Weixin_Server,303,32,26.226558208465576
justinbaby/my-paper,463,100,42.09729361534119
edgexfoundry/core-data,38,15,12.12291431427002
mofadeyunduo/online-judge,43,16,11.927541971206665
MiniPa/cjs_ssms,98,13,14.02519679069519
AURIN/online-whatif,429,22,53.368674516677856
fishstormX/fishmaple,173,21,17.49289035797119
opendevstack/ods-provisioning-app,146,11,20.226365327835083
parasoft/parabank,260,71,21.414175510406494
MaritimeConnectivityPlatform/IdentityRegistry,124,24,19.53985857963562
zhangyanbo2007/youkefu,830,99,146.8308937549591
BCSquad/pmph,953,87,112.62626624107361
starqiu/RDMP1,60,30,12.893086194992065
Propro-Studio/propro-server,310,21,33.094443559646606
yunchaoyun/active4j-flow,219,47,27.94864773750305
BCSquad/pmph_java_front,369,55,47.48796987533569
yorkmass/Yark-AdminMS,69,12,12.910885334014893
vector1989/EMAS,265,26,69.49604225158691
768330962/poet_ready_system,57,14,14.623271703720093
EUSurvey/EUSURVEY,294,46,92.06020092964172
suyeq/steamMall,120,13,18.887306451797485
zlren/noah-health,86,12,15.87987470626831
Prasad108/TutesMessanger,109,20,19.800668001174927
busing/circle_web,268,19,32.46740674972534
UDA-EJIE/udaLib,320,13,28.874109983444214
bbaibb1009/wxcrm,95,15,25.578183889389038
15326047083/saomadiancan,75,15,14.32298493385315
khasang/delivery,218,11,16.79164695739746
TexnologiaLogismikou/Fiz,199,18,22.28698754310608
ming-soft/ms-mpeople,42,11,12.004755735397339
uq-eresearch/oztrack,213,57,27.934875011444092
wang007/live-server,238,23,24.74192786216736
zxwgdft/paladin-boot,328,17,24.832252025604248
chenxingxing6/mycloud-admin,190,20,17.287282943725586
shenshaoming/byte_easy,55,12,12.786628007888794
nimble-platform/business-process-service,222,47,34.94634199142456
MiniApp/UziShop,788,247,70.2957067489624
codemky/uni,615,89,135.8685586452484
covito/legend-shop,862,84,50.19910669326782
ushahidi/SwiftRiver-API,249,21,29.880065202713013
xiaomingds/examsystem,72,12,9.807160139083862
softservedata/lv257,171,18,19.873353242874146
FISHStack/FISH-UCKeFu,665,84,134.49658131599426
joubin/CSC191,32,15,13.216240406036377
aramsoft/aramcomp,345,72,39.35583138465881
bao17634/Warehouse-system,76,13,17.064990043640137
shigenwang/membership,153,18,31.845709323883057
SafeExamBrowser/seb-server,680,46,63.968507528305054
Seenck/jeecg-bpm-3.8,810,128,89.65352249145508
jakarta99/iii-ee104,114,36,20.52858328819275
simbest/simbest-cores,401,28,47.98955988883972
GraffiTab/GraffiTab-Backend,188,11,21.24623131752014
surajcm/Poseidon,122,31,20.35358500480652
loongw513029/buscloud,347,40,37.00012397766113
tcrct/duang,377,12,30.6066415309906
ZFGCCP/ZFGC3,471,26,109.45009112358093
WilsonHu/sinsim,243,42,31.07357120513916
crypto-coder/open-cyclos,2514,1271,194.6895353794098
sfx478076717/goldenarches,56,11,12.779897689819336
Qyujie/graduationpr,128,19,30.117424726486206
zndo/oss-admin-parent,106,32,12.755217552185059
dp2-g56/Dp2-L02,245,40,27.76007390022278
cable5881/Fund,201,17,59.07988405227661
wangwang1230/te-empl,156,24,20.579538583755493
ElectiveTeam/elective_system,97,15,24.30624794960022
Rocklee830630/WMSystem,816,204,125.5736072063446
75193982/HyLMS,535,141,74.75180840492249
sunxingtm/FPMS,721,91,92.38665175437927
next-step/jwp-jdbc,117,16,11.958154678344727
KongZouXiang/TradeSteward,232,40,22.72289538383484
Glamdring/welshare,241,33,39.82661294937134
skyisbule/nanfeng,71,13,24.872095823287964
OHDSI/ArachneCentralAPI,832,64,49.44717788696289
mingslife/LightCMS,103,17,18.12117648124695
linolee/class4,187,24,22.03045392036438
yaowuya/lprapm,105,26,17.518780946731567
yShen868/ssm03,94,14,14.766845464706421
hmcts/ccd-data-store-api,673,33,49.976234436035156
ledeqa/idoc,257,32,33.011685848236084
dagilmore/Riddlin,51,12,13.146236181259155
dovier/coj-web,453,62,53.73764753341675
chenzhq/WsMonitor,246,16,30.175009965896606
AlexNastin/G3DM,184,28,2.822305202484131
parkkyoung/f4mall,59,15,12.925461053848267
zhouweiwei18/HospitalSystem,210,29,57.55908489227295
ONSdigital/rm-collection-exercise-service,220,39,29.14949917793274
uq-eresearch/lorestore,85,11,14.819310903549194
momoplan/dataanalysis,195,20,26.12397861480713
isa-group/ideas-studio,115,20,17.726969957351685
smartcommunitylab/smartcampus.vas.corsi.web,65,13,17.66553020477295
xiongzhenhai-zh/produce-project-managerment,113,14,16.819201707839966
flamefire33/uckefu,609,75,67.39183735847473
XMFBee/AuthPlatform1,281,63,38.506908893585205
niths/niths,364,77,22.480288982391357
montana-department-of-corrections/omis,5734,902,327.4171288013458
scrumtracker/scrumtracker2017,44,13,13.287349462509155
simbest/simbest-boot-cores,321,38,33.997761487960815
kingslayer15/mutual,170,23,22.281479358673096
AtlasOfLivingAustralia/biocache-service,151,23,36.49161624908447
yunchaoyun/active4j-oa,436,78,37.343401193618774
xie-summer/GWR,1647,511,268.7931456565857
racem-cherni/KinderGartenProject,209,57,31.489635467529297
peonycmsTeam/peonytancms,280,29,41.03739643096924
danbaixidanbai/OCproject,77,15,13.30979037284851
wh4585hai/OnlineSchool,259,26,22.7105770111084
c2s/telegram-bot-admin,138,19,17.413429975509644
thinksgroup/Niceschool,165,26,19.916727781295776
CrazyZhao/zblog,63,13,12.92239236831665
tlkzzz/xpjfx,478,120,47.86090159416199
nds1993/OpenMPS,922,141,92.94214820861816
shangtech/WeiXinPlatform,88,38,16.319149017333984
jlu-linshuhang/goods-master,87,12,24.410271644592285
tanzhb/zhgj-project,508,75,270.15355157852173
moxiaohei/OPMS,130,33,28.478479385375977
holagoldfish/H5APP-java,39,15,12.843341827392578
okfarm09/JYLAND,68,15,14.41502070426941
kimki1124/MetelSOS,61,11,15.83640718460083
cdcchain/cdc-browser,58,15,16.21362042427063
orgqy88cckz/AccumulationFund,134,28,14.717662334442139
forwardNow/javaee_pkui,253,35,75.57109522819519
SEUCXT/AncientBook,123,11,16.65213108062744
LiJiuRi/jie_you_ba,102,18,14.948179483413696
jonico/ccfmaster,414,129,35.93867373466492
RMHM/miniMap,83,12,17.418876886367798
tom1994/CEM,404,48,95.09738826751709
oith/ws_hcm,40,32,18.699324131011963
zcg596359343/PDIMS,80,12,14.970879554748535
choerodon/agile-service,815,81,72.89187145233154
wujiyuan1314/VendingMachine,162,26,9.206834554672241
nieyue/ActivationCodeMall,307,41,34.47383236885071
kdirector1990/WeRPNetwork,116,17,24.108402490615845
longyzkd/wj-web-ext-enhancer,154,64,22.843748331069946
VecJunZhi/NewZSWBEM,475,61,58.73236680030823
598605338/yikao,607,37,54.85246682167053
nullcodeexecutor/pts,174,27,30.327646017074585
kinorsi/mykided-api,710,34,62.83095598220825
YouAreOnlyOne/CommunityInformationForWeb,163,23,20.23813796043396
CeaMYHBK/AppCeaM,35,12,12.325310707092285
sdzczh/BitUniverse-Parent,229,28,18.58837127685547
gvSIGAssociation/gvsig-web,127,51,17.739110946655273
EllinJune/WeBlog,62,17,8.269787073135376
dr-thomashartmann/phd-thesis,36,13,19.586487293243408
GreaterLondonAuthority/GLA-OPS,625,11,92.29740929603577
qiemengyan/videoconfigserver,214,27,28.67148995399475
immime/shop-2,292,59,35.15707206726074
hongqiang/shopb2b,465,91,45.178523540496826
AaronSum/hotel-mgr-sys,498,31,133.21262955665588
superman7/AccountManagement,67,15,16.33548665046692
amit-an/webapp_war_sample,334,105,29.371955156326294
SupermePower/zammc-manage,119,18,17.564635038375854
dtdhehe/ptu-life,66,12,14.083869695663452
cybybchen/nfsmw,574,23,4622.381714344025
lancelee98/PeopleMange,182,22,18.098875284194946
YXG520/onlineExamSystem,41,14,12.421474933624268
jeezhau/ec-server,149,20,30.812971115112305
miyakowork/template-items-oauth2,157,44,17.322502374649048
HuangBear/TheaterProject,155,17,28.604814291000366
litbo/hospitalzj,185,26,17.510786771774292
fawks96/pet-hospital,74,11,19.96308398246765
heaptrip/heaptrip,483,11,34.36840081214905
398907877/AppPortal,470,77,42.020631551742554
xabaohui/zis,553,135,50.298399686813354
RoyZeng/gmhx,402,60,96.78133654594421
eea/eionet.webq,196,21,19.97954559326172
liudexiang3218/CMSLite,221,13,31.92581081390381
Russel-JX/OUC-Family,276,23,28.795274019241333
Maxcj/Maxcj,177,23,18.380375146865845
qwe7783131/CareerDevelopment,193,37,21.02763056755066
assertmyself/gweb-v2,365,33,36.038804054260254
Lewage59/design2019,33,12,11.296396255493164
Ganweizhi/Ruanzhuo2,142,23,19.028903484344482
VN-Lf/GitNo3,126,25,24.668088674545288
ssolutiondev/ssolution,164,19,21.258817195892334
findmyapp/findmyapp,139,13,17.65824604034424
Jeanwin/disrec,333,53,35.11150050163269
zhaowei520/CDCXH,236,33,31.77379536628723
hyperaeon/CrazyAndOptimize,1390,26,35.87545704841614
HUTchengxi/Tutor,169,17,22.396281003952026
GZWgssmart/p2p_2_3,286,39,20.713728666305542
tigerOrtiger/XiaoMi,444,56,189.18046689033508
SumitBisht/InventoryMgt,132,17,19.55612874031067
tangvin/supplyChain_4,240,43,25.675592184066772
guancgsuccess/Ylsn,107,14,18.086286544799805
ssldkcnd55/msymhghshjjgij,92,16,23.120848417282104
GZWgssmart/p2p_2_2,279,34,21.282877683639526
xingganfengxing/openapi,110,20,42.11721348762512
kaaterskil/laxstats,513,36,38.49949765205383
chc0618/bigdataXmaster,367,37,29.374406337738037
baraka-sdw/CES,325,29,27.65336513519287
co-book/cobook,96,19,15.45939826965332
corin2/corin2,104,21,15.208312034606934
priiduneemre/bitplexus,125,26,18.14001178741455
wangsuwei110/haojiajiao,412,24,38.79856896400452
hiepit07/intra-mart,540,50,303.1309633255005
irispastal/jeecmsv9,1202,14,116.75963258743286
zemuldo/Cyclos_3.7,2505,1267,195.04266023635864
rajanainart/micro-services-common,137,11,104.90568971633911
chenzl0723/forumApp,129,34,24.85173463821411
junehappylove/june.web.ly,305,20,26.949774026870728
YuuiChung/PTS,175,113,40.748510122299194
MattJasonLu/SVSP_0.4,458,54,122.77555632591248
TineWindy/lysl-demand,145,13,18.108104705810547
Williamstraub/vhmml,319,22,44.10456848144531
yebinable/kindergarten,131,14,15.339055299758911
RedEyesDevelopment/NetCrackerProject,297,27,26.320904970169067
jembi/bsis,1041,106,64.77975106239319
